# A
a <- (87-12)*45 + 32/(12 %% 5) * 84

# line-by-line
r1 <- (87-12)
r2 <- 12 %% 5
r3 <- 32/r2
r4 <- r3 * 84
r5 <- r1*45
a <- r5 +r4
a

